ISS (ZARYA)             
1 25544U 98067A   26124.45777112  .00006118  00000+0  11872-3 0  9996
2 25544  51.6305 156.5570 0007325  22.3552 337.7754 15.49089675564978
POISK                   
1 36086U 09060A   26124.45777112  .00006118  00000+0  11872-3 0  9994
2 36086  51.6305 156.5570 0007325  22.3552 337.7754 15.49089675565073
CSS (TIANHE)            
1 48274U 21035A   26124.46777416  .00023903  00000+0  25575-3 0  9996
2 48274  41.4668 228.0848 0005472 329.6467  30.4055 15.63287595286333
ISS (NAUKA)             
1 49044U 21066A   26124.45777112  .00006118  00000+0  11872-3 0  9992
2 49044  51.6305 156.5570 0007325  22.3552 337.7754 15.49089675565116
FREGAT DEB              
1 49271U 11037PF  26124.42258399  .00008021  00000+0  12449-1 0  9993
2 49271  51.6384 133.3846 0935379 186.8640 171.8597 12.41231812219611
CSS (WENTIAN)           
1 53239U 22085A   26123.76503953  .00028891  00000+0  30856-3 0  9993
2 53239  41.4671 232.3771 0005611 325.0701  34.9770 15.63252154286250
CSS (MENGTIAN)          
1 54216U 22143A   26124.46777416  .00023903  00000+0  25575-3 0  9990
2 54216  41.4668 228.0848 0005472 329.6467  30.4055 15.63287595286594
TIANZHOU-9              
1 64786U 25149A   26124.46777416  .00023903  00000+0  25575-3 0  9992
2 64786  41.4668 228.0848 0005472 329.6467  30.4055 15.63287595286609
HRC MONOBLOCK CAMERA    
1 66052U 98067XR  26124.24419705  .00050487  00000+0  44213-3 0  9996
2 66052  51.6239 143.8588 0005105  10.9025 349.2081 15.68353458 31090
HTV-X1                  
1 66174U 25241A   26124.37700340  .00013130  00000+0  14587-3 0  9992
2 66174  51.6338 161.9351 0007394  23.6261 336.5071 15.63250248 29496
SZ-21 MODULE            
1 66515U 25246C   26124.32414920  .00039703  00000+0  28434-3 0  9997
2 66515  41.4728 219.7565 0002891  24.1667 335.9312 15.72922384 26829
SHENZHOU-22             
1 66645U 25272A   26124.46777416  .00023903  00000+0  25575-3 0  9995
2 66645  41.4668 228.0848 0005472 329.6467  30.4055 15.63287595286616
SOYUZ-MS 28             
1 66664U 25275A   26124.45777112  .00006118  00000+0  11872-3 0  9995
2 66664  51.6305 156.5570 0007325  22.3552 337.7754 15.49089675565359
DUPLEX                  
1 66906U 98067XS  26123.49262528  .00026134  00000+0  32760-3 0  9995
2 66906  51.6269 154.6093 0005576  13.7798 346.3346 15.59553817 23670
ISS OBJECT XT           
1 66907U 98067XT  26124.26620672  .01400150  12973-2  15467-2 0  9994
2 66907  51.6103 136.3394 0006778  35.5197 324.6267 16.09193601 23981
ISS OBJECT XU           
1 66908U 98067XU  26124.25038453  .01443506  14194-2  15352-2 0  9996
2 66908  51.6108 136.2247 0006728  36.3523 323.7946 16.09807506 23980
ISS OBJECT XW           
1 66910U 98067XW  26124.24429984  .00584221  15492-3  13349-2 0  9997
2 66910  51.6124 137.7137 0009094  33.7999 326.3588 15.96741824 23966
ISS OBJECT XY           
1 66912U 98067XY  26124.28342144  .00145225  00000+0  87671-3 0  9997
2 66912  51.6220 143.3392 0008107  28.9860 331.1589 15.76637903 23884
KNACKSAT-2              
1 67683U 98067XZ  26124.47714522  .00040009  00000+0  55994-3 0  9994
2 67683  51.6275 153.6873 0012747  35.8918 324.2927 15.56312178 13468
CORAL                   
1 67684U 98067YA  26124.26646354  .00095716  00000+0  96588-3 0  9998
2 67684  51.6247 152.2724 0016395  30.2839 329.9100 15.64409918 13465
GXIBA-1                 
1 67685U 98067YB  26124.44980704  .00041802  00000+0  56424-3 0  9991
2 67685  51.6272 153.5044 0014695  33.4901 326.7017 15.57233971 13467
UITMSAT-2               
1 67686U 98067YC  26124.46649611  .00057330  00000+0  71982-3 0  9992
2 67686  51.6269 152.8678 0011591  16.7038 343.4335 15.59069215 13476
HMU-SAT2                
1 67687U 98067YD  26124.39789791  .00039169  00000+0  53805-3 0  9993
2 67687  51.6283 153.9131 0010930  16.9541 343.1813 15.56850048 13372
LEOPARD                 
1 67688U 98067YE  26124.29568845  .00046949  00000+0  61083-3 0  9999
2 67688  51.6280 153.9805 0011250  15.7364 344.3976 15.58217003 13366
CREW DRAGON 12          
1 67796U 26031A   26124.45777112  .00006118  00000+0  11872-3 0  9993
2 67796  51.6305 156.5570 0007325  22.3552 337.7754 15.49089675565233
PROGRESS-MS 33          
1 68319U 26058A   26124.45777112  .00006118  00000+0  11872-3 0  9994
2 68319  51.6305 156.5570 0007325  22.3552 337.7754 15.49089675  6741
CYGNUS NG-24            
1 68689U 26079A   26123.81265451  .00005869  00000+0  11427-3 0  9992
2 68689  51.6305 159.7493 0007296  20.0235 340.1038 15.49081120  3578
PROGRESS-MS 34          
1 68837U 26093A   26123.81265451  .00005869  00000+0  11427-3 0  9993
2 68837  51.6305 159.7493 0007296  20.0235 340.1038 15.49081120  1076
